Overlap calculation
Model: 2lao
Target: 1lst
Number of residues: 238
Removed residues: 0
RMSD: 4.698819910260104
Force_constant: SIMPLE
Cutoff: 15
Temperature factor correlation: 0.4432476996093651
Overlaps:   0.00000    0.00000    0.00000    0.00000    0.00000    0.00000    0.58057    0.30724    0.00411    0.00000    0.00002    0.00090    0.00903    0.03326    0.00108    0.00191    0.00001    0.00009    0.00047    0.00001    0.00005    0.00001    0.00010    0.00093    0.00045    0.00004    0.00034    0.00001    0.00023    0.00080    0.00145    0.00000    0.00001    0.00016    0.00019    0.00018    0.00015    0.00000    0.00014    0.00000    0.00132    0.00011    0.00018    0.00000    0.00005    0.00001    0.00003    0.00029    0.00097    0.00013    0.00021    0.00015    0.00004    0.00020    0.00014    0.00023    0.00005    0.00002    0.00001    0.00071    0.00195    0.00001    0.00039    0.00028    0.00043    0.00000    0.00004    0.00018    0.00000    0.00001    0.00008    0.00000    0.00008    0.00044    0.00002    0.00017    0.00000    0.00019    0.00009    0.00019    0.00011    0.00021    0.00000    0.00011    0.00002    0.00000    0.00006    0.00003    0.00004    0.00000    0.00005    0.00003    0.00007    0.00003    0.00000    0.00001    0.00001    0.00002    0.00010    0.00003  
max_overlap: 0.5805748659371581(6)
cummulative ovarlap(30): 0.9436518866049793