Overlap calculation
Model: 3CHEA
Target: 2IUZB
Number of residues: 394
Removed residues: 1
RMSD: 0.38584553990243564
Force_constant: SIMPLE
Cutoff: 9
Temperature factor correlation: 0.5400450095843433
Overlaps:   0.00000    0.00000    0.00000    0.00000    0.00000    0.00000    0.12067    0.00099    0.04825    0.00017    0.00625    0.00009    0.03535    0.01987    0.04121    0.06711    0.01730    0.06889    0.00665    0.02189    0.00296    0.00136    0.00024    0.00436    0.04317    0.00444    0.01619    0.00534    0.00635    0.03326    0.00365    0.00060    0.00115    0.00353    0.00465    0.00037    0.01687    0.00675    0.00059    0.00530    0.00424    0.00459    0.00131    0.00037    0.00020    0.00026    0.00307    0.00135    0.00075    0.00680    0.00059    0.00015    0.00423    0.00310    0.00000    0.00003    0.00060    0.00020    0.00139    0.00017    0.00045    0.00406    0.00256    0.00106    0.00300    0.00507    0.00037    0.00156    0.00516    0.00064    0.00024    0.00009    0.00032    0.00451    0.00031    0.00216    0.00009    0.00084    0.00820    0.00030    0.00019    0.00451    0.00000    0.00057    0.00240    0.00059    0.00037    0.00438    0.00632    0.00061    0.00000    0.01089    0.00207    0.00008    0.00037    0.00018    0.00102    0.00001    0.00059    0.00145  
max_overlap: 0.12066878055611897(6)
cummulative ovarlap(30): 0.5862970107620734