Overlap calculation
Model: 7zh5
Target: 7zh1
Number of residues: 2687
Removed residues: 105
RMSD: 8.130493763630701
Force_constant: SIMPLE
Cutoff: 15
Temperature factor correlation: 0.5993775940290977
Overlaps:   0.00000    0.00000    0.00000    0.00000    0.00000    0.00000    0.49995    0.01539    0.11283    0.01470    0.10654    0.00061    0.01122    0.02333    0.00649    0.00861    0.00054    0.00223    0.01000    0.00005    0.00227    0.00235    0.00312    0.00133    0.00025    0.01765    0.00131    0.00635    0.00015    0.00097    0.00065    0.00000    0.01056    0.00042    0.00052    0.00009    0.00234    0.00160    0.00229    0.00245    0.00129    0.00048    0.00001    0.00101    0.00130    0.00120    0.00117    0.00007    0.00010    0.00277    0.00064    0.00062    0.00024    0.00023    0.00008    0.00000    0.00043    0.00001    0.00115    0.00029    0.00003    0.00109    0.00183    0.00000    0.00045    0.00018    0.00011    0.00075    0.00016    0.00008    0.00117    0.00081    0.00104    0.00000    0.00105    0.00002    0.00060    0.00087    0.00001    0.00051    0.00022    0.00026    0.00056    0.00055    0.00000    0.00000    0.00001    0.00024    0.00083    0.00024    0.00009    0.00009    0.00013    0.00000    0.00001    0.00001    0.00004    0.00002    0.00018    0.00005  
max_overlap: 0.49994508681663397(6)
cummulative ovarlap(30): 0.8604756972661456